2
12
0 0 0 7 6 2 0 4 1 7 8 2
4 0 3 1 1 7 4 8 3 5 3 5
8 2 0 5 5 5 5 3 5 2 3 3
5 5 2 0 7 4 5 2 7 0 0 6
4 5 7 7 0 5 8 6 5 7 7 1
2 5 2 1 8 0 0 7 4 6 8 8
8 0 7 8 4 5 0 3 4 7 6 1
6 4 0 6 4 5 7 0 6 0 2 0
5 5 1 7 3 8 4 2 0 0 4 7
3 7 4 4 6 5 1 5 7 0 0 4
1 3 2 2 6 7 4 2 3 8 0 6
5 5 6 4 3 5 5 0 4 3 6 0
12
0 3 0 4 8 3 4 7 7 2 6 7 
0 0 5 4 8 5 2 1 8 0 0 1 
5 1 0 7 7 4 7 3 7 5 5 4 
6 0 5 0 3 2 2 2 4 8 8 8 
2 3 1 4 0 2 0 7 0 3 3 7 
2 0 6 0 0 0 1 7 4 0 4 1 
1 0 3 1 1 8 0 6 7 4 1 3 
6 4 1 6 0 1 0 0 3 6 8 4 
2 1 8 3 5 0 4 1 0 4 5 0 
4 5 0 3 6 1 2 3 6 0 4 4 
4 7 8 7 1 8 8 5 2 4 0 2 
8 1 2 3 5 5 6 2 1 3 5 0 
